0 0.5683 2.189
1 0.88363 0.3241
2 2.073 0.5605
3 1.0384 0.77773
4 0.29107 -1.0788
5 -2.0042 -2.3022
6 -0.05684 1.9672
7 -1.8835 -0.32688
8 -2.3121 0.81877
9 -2.2132 -0.53591
10 0.5918 -0.3746
11 2.2554 -1.6012
12 0.087128 0.71428
13 1.1435 -1.0441
14 0.82319 -1.8433
15 -2.4737 0.19937
16 -0.78707 1.6764
17 -1.602 0.61219
18 1.2023 -0.28278
19 -2.0517 -0.1826
20 0.56783 -1.1846
21 2.1322 -2.4459
22 1.4927 -2.2214
23 2.2264 -0.52694
24 -1.3578 0.0087793
25 -0.99511 2.087
26 0.57914 2.0081
27 -0.12801 -2.0654
28 -1.8334 -1.1579
29 -0.65068 -2.3051
30 2.2801 -0.25898
31 -0.45132 0.4318
32 -0.33021 1.005
33 1.1968 -1.7497
34 -2.1924 1.1211
35 0.46513 -0.82736
36 -1.4248 -1.3906
37 0.80495 -2.4029
38 -1.8967 -0.13361
39 -2.332 0.12762
40 1.5851 0.29353
41 1.3965 1.0478
42 -2.253 -0.060231
43 -1.3329 1.684
44 1.4803 -0.24529
45 -0.52012 -2.367
46 -2.1157 1.3756
47 -1.0439 -1.9155
48 -1.7531 1.9598
49 0.031324 2.3676
50 -1.1721 -1.9411
51 -0.066266 -1.3178
52 2.298 -1.3763
53 1.3123 0.5601
54 0.9014 2.0196
55 -0.8579 0.022516
56 2.3269 0.5181
57 -1.9683 0.11919
58 -0.023299 -0.90943
59 -2.1531 -0.28692
60 -0.23904 -0.72647
61 2.3612 1.2368
62 -0.45028 -0.42681
63 -1.3973 1.7619
64 1.7445 0.16252
65 -1.4418 -2.2887
66 0.42762 1.9033
67 -0.82154 0.34352
68 2.2065 -1.8076
69 1.5795 -1.2618
70 -0.38996 1.028
71 -1.8337 2.4913
72 -2.191 -0.076284
73 -2.224 1.8911
74 2.153 -2.1123
75 1.0176 -1.0137
76 -0.62458 2.333
77 -1.2997 1.208
78 0.0083064 1.3033
79 -1.1672 0.77628
80 1.198 0.3285
81 0.047402 0.75928
82 1.7036 -1.3984
83 -0.37716 1.63
84 -0.30672 0.62821
85 1.7873 -0.43487
86 -2.1574 2.3354
87 -1.492 0.67893
88 -2.4503 1.3614
89 0.30106 -1.1436
90 -1.6393 1.9572
91 -2.4146 -0.35609
92 -1.0515 -1.7657
93 -2.0932 1.2439
94 -1.1098 -2.2117
95 2.3591 1.2849
96 1.5616 1.2497
97 -1.7659 -2.2255
98 -2.1504 0.97755
99 -1.2111 0.98162
100 -0.08199 0.076182
101 2.4473 0.33848
102 -0.58707 1.2106
103 -2.1469 -0.19555
104 -1.1613 -1.7093
105 0.90822 0.68226
106 -0.35165 -1.629
107 0.87776 -1.8549
108 -0.42753 1.9934
109 2.2915 -0.39578
110 2.3128 0.032379
111 -0.3622 1.4634
112 0.18692 0.99593
113 -1.5651 -2.4512
114 -0.49549 -1.5012
115 1.4668 -1.6863
116 -0.57468 -0.70889
117 -0.22595 1.3909
118 0.81261 -0.98707
119 0.59939 1.1236
120 -0.87848 1.5938
121 1.72 1.2604
122 1.8823 -2.4862
123 1.7564 -1.3019
124 -1.4183 -1.6106
125 -0.84545 -0.4156
126 -1.1428 -2.3646
127 2.3695 -0.13151
128 1.3036 2.2797
129 -2.3909 -1.6169
130 1.6535 -0.17292
131 0.63182 2.3005
132 2.0088 0.72277
133 -0.68394 -0.42128
134 -0.3003 -1.6096
135 0.25259 -0.90862
136 -0.44424 1.5486
137 0.32836 1.2228
138 -0.49303 1.3671
139 1.9277 2.4627
140 1.5121 0.94557
141 1.2489 -1.0444
142 1.8258 -1.1374
143 0.78982 -1.3393
144 1.7804 -0.51573
145 1.4996 -2.067
146 0.5184 -1.2447
147 1.7234 -2.1449
148 -0.307 -0.859
149 -2.1888 -0.34227
150 1.2138 -0.5659
151 0.94367 1.143
152 -1.9271 -0.95602
153 2.3171 -2.3341
154 0.77497 -2.2298
155 2.4699 -1.3209
156 1.1443 -0.01379
157 1.3947 0.31402
158 1.2467 1.3021
159 -0.7623 2.3199
160 -0.71771 1.8211
161 0.39538 0.75367
162 2.4043 -0.013463
163 0.76631 0.5774
164 -1.9855 -2.4024
165 1.751 1.9236
166 -0.59336 1.947
167 -1.4169 0.97409
168 0.7686 0.73529
169 -2.4991 -1.6381
170 0.30916 1.0567
171 -1.3727 0.45802
172 0.46554 -0.95218
173 -1.1606 0.30332
174 -1.6737 1.3429
175 -2.4846 2.1549
176 -0.051419 0.25048
177 0.22887 -1.0846
178 -0.44081 -1.4926
179 1.3781 2.0234
180 -1.7617 1.2712
181 1.9118 0.67598
182 -1.5872 1.3771
183 1.0215 -0.9107
184 -0.90653 1.2099
185 1.4418 2.4089
186 -2.1843 -0.3634
187 -1.5355 0.69517
188 -1.1384 -1.3799
189 0.46673 0.40952
190 0.11497 0.54801
191 -1.2171 -1.2246
192 0.93279 -1.5968
193 -1.0876 -2.4646
194 -0.89295 -1.6429
195 -1.674 -1.9312
196 -1.4781 0.83798
197 -0.12975 -0.84063
198 1.9865 -0.89164
199 -2.0265 2.3434
200 2.0629 -2.177
201 -0.14977 1.9989
202 -1.2489 -0.50772
203 -1.0105 -0.97416
204 -1.3571 -0.78742
205 -1.2728 -2.1628
206 -0.76475 1.3364
207 0.60615 -0.75018
208 -1.3057 0.6989
209 0.74501 0.49729
210 0.36717 -0.92633
211 1.2003 -0.73776
212 -1.2988 1.9615
213 -0.037151 -2.1604
214 -1.3515 -2.3268
215 1.3614 -0.036268
216 1.2492 -2.2119
217 1.9338 -2.2222
218 2.4014 -2.2531
219 2.3024 2.307
220 2.1767 1.0429
221 -2.2087 -2.0314
222 -0.80056 0.70147
223 2.4366 1.7574
224 0.88878 0.49143
225 0.52681 -1.7258
226 -1.9454 -0.98739
227 -0.7411 -1.0272
228 1.4608 -0.87944
229 -1.4395 1.222
230 -0.51742 -1.1517
231 -0.61754 2.1169
232 -0.24191 1.8995
233 -1.0175 -0.018526
234 -0.27609 1.9393
235 -0.43736 0.16728
236 -0.57488 -1.9081
237 -1.4491 -1.819
238 1.9135 -0.99386
239 1.1955 1.6006
240 -1.9312 -0.5283
241 0.98857 -0.46408
242 -1.322 -1.8164
243 -1.063 0.60603
244 1.9305 -0.11137
245 -2.4909 -2.3058
246 0.81885 -0.077577
247 1.0724 -2.4233
248 1.606 1.2009
249 1.4773 -0.019591
250 1.915 0.85703
251 0.33576 1.3006
252 -2.392 2.3187
253 0.16294 0.46411
254 -1.5722 1.3901
255 -0.758 1.4943
256 0.57442 1.9496
257 0.26293 -0.5449
258 1.7752 -1.2056
259 -0.12917 2.0728
260 -1.3812 0.23136
261 -0.55041 1.3657
262 -0.93201 -0.67997
263 -1.2311 -1.8351
264 0.56412 0.52717
265 2.4715 1.6098
266 0.9613 -1.6353
267 1.1195 0.12932
268 0.55385 2.3776
269 1.5232 1.31
270 1.0593 1.0005
271 -1.1637 -0.25923
272 -1.2392 -0.45689
273 0.72847 -2.2715
274 1.8643 0.51385
275 -2.4797 -1.3794
276 2.1902 1.3303
277 -1.0471 0.92549
278 -1.4102 -2.0002
279 -0.75515 0.80753
280 -1.52 1.8936
281 1.6578 0.056371
282 2.1233 1.9615
283 0.98149 2.2632
284 -2.4699 2.4801
285 0.097331 2.0526
286 0.94397 1.3024
287 -1.6412 0.66069
288 -2.2314 -0.05818
289 2.2487 -0.35207
290 2.2224 1.466
291 2.0754 -1.3493
292 -2.2203 -1.9686
293 -1.7581 2.1493
294 1.1925 -0.0099948
295 -0.90552 -0.048288
296 2.097 -2.0781
297 -2.0321 1.0855
298 -0.3056 -1.7418
299 -0.28268 -0.41435
300 -0.62196 1.5455
301 0.80644 -0.22023
302 -0.56169 -0.0048554
303 -1.9928 -2.1578
304 1.2376 2.0716
305 -0.70577 -0.3693
306 -0.11502 2.3868
307 -1.007 0.060848
308 -2.014 -2.1178
309 0.32707 -2.4526
310 -1.4143 1.9099
311 1.4279 -0.026476
312 1.8909 0.98745
313 -1.4153 0.86141
314 -2.3017 1.2383
315 -2.0488 1.33
316 -2.2333 -1.4962
317 1.9788 -0.92057
318 2.2502 1.6761
319 -1.6613 -2.4749
320 -0.16275 1.5543
321 -0.0089679 0.2862
322 1.5273 2.3644
323 -1.0849 0.6088
324 -2.4872 -1.9896
325 0.73358 0.66018
326 -1.1985 1.4417
327 -0.18925 -0.92825
328 1.1857 2.2976
329 1.2429 -1.4785
330 -0.094984 -1.1556
331 0.33687 0.06328
332 0.39892 0.64251
333 -2.3143 -1.5608
334 -0.34252 2.006
335 -2.2392 2.0914
336 -1.9787 0.87941
337 0.28092 0.18794
338 -1.5491 0.71208
339 0.78266 0.66866
340 0.94853 -0.31614
341 0.95703 2.4953
342 -0.040616 -0.40337
343 2.4812 2.0465
344 -1.3571 0.99766
345 -0.67312 1.1856
346 1.4896 1.5486
347 -2.1602 1.9455
348 -0.21351 -2.4006
349 -1.3761 0.62338
350 0.18721 -2.002
351 2.1771 -1.3869
352 -2.497 -0.88145
353 -1.6816 -1.7098
354 -1.9706 0.47019
355 1.9916 -1.092
356 -2.3346 -1.6902
357 0.9559 -0.83596
358 1.3475 -1.756
359 0.53641 2.0993
360 -0.91184 1.6132
361 -2.173 -2.2794
362 0.62768 -0.070972
363 -1.4683 1.2552
364 1.9672 -0.85111
365 1.0888 1.3943
366 0.92673 -1.9966
367 0.35358 2.4373
368 2.2638 -1.9515
369 1.1358 -2.4587
370 -1.3718 -1.9128
371 1.4935 -0.41689
372 0.4991 1.8632
373 0.23712 -1.8819
374 1.9118 0.32677
375 -1.0747 2.3342
376 0.66169 0.75757
377 0.021581 -1.5042
378 1.07 -1.8829
379 1.5128 -0.76221
380 1.2621 -0.64036
381 -1.0041 0.5599
382 0.85984 1.266
383 -0.74974 1.8645
384 2.1496 0.52492
385 0.20908 1.0588
386 1.1668 2.4131
387 0.84566 1.0716
388 -0.86983 0.01247
389 2.2832 0.43386
390 -0.41018 0.49407
391 0.52275 -1.4288
392 -2.322 1.5726
393 0.32755 1.4358
394 0.46452 2.2249
395 -2.2929 -1.1385
396 -1.0306 1.3317
397 -0.99058 0.0052978
398 -2.2177 0.9049
399 -1.3234 -2.2848
400 -0.23131 1.9871
401 -0.09716 -0.14824
402 2.2854 -2.0473
403 -2.3944 1.4736
404 -1.8357 -2.3502
405 2.4515 1.5341
406 1.6332 1.3944
407 1.1683 -1.7441
408 1.3821 -0.72878
409 0.043133 -0.66362
410 -1.0376 1.3485
411 -1.1128 0.55777
412 -2.3168 -0.8124
413 -1.215 0.5084
414 -1.8645 -1.8316
415 -2.019 -2.4817
416 -0.026007 1.6343
417 -1.4559 0.62317
418 -2.1092 -0.24957
419 0.4606 1.5463
420 -0.65814 0.77674
421 0.68626 2.2115
422 -0.36287 -2.2279
423 1.7769 -0.9991
424 1.0442 -0.90522
425 -0.1433 1.6591
426 -1.703 0.34542
427 0.73871 0.038497
428 1.3498 -0.61513
429 1.4224 -0.18542
430 0.34421 -0.45824
431 -0.82062 0.53383
432 -2.2347 0.97205
433 -0.076383 -0.33833
434 1.1294 -0.87943
435 0.6377 0.26525
436 -2.1853 1.039
437 0.12604 -1.8925
438 -2.1846 -2.3528
439 0.09462 1.7506
440 -0.713 -0.92768
441 0.091684 1.5415
442 0.94387 -0.41247
443 -2.1826 1.9029
444 1.4711 1.0609
445 0.56691 0.83902
446 0.40882 -2.3264
447 -0.15523 -0.96861
448 -1.6059 1.7615
449 1.4308 1.8644
450 1.5273 0.46385
451 -0.62717 -1.9242
452 -0.63268 1.4963
453 1.2297 -2.4855
454 0.11419 -1.8491
455 0.72515 1.3271
456 1.3673 1.5672
457 0.11606 -0.42813
458 -1.9581 1.3775
459 -0.44952 0.3307
460 -0.27524 1.8684
461 2.1129 -0.57194
462 1.9659 1.3062
463 0.38257 0.66153
464 2.305 -1.8074
465 -0.98663 1.4498
466 -0.065817 2.2424
467 1.3145 -1.7099
468 2.3975 0.81152
469 -0.49653 1.0368
470 -0.62323 -0.15616
471 2.4697 1.9552
472 1.3735 1.6843
473 -0.67522 -0.90308
474 -0.085639 1.8667
475 -0.68872 1.8387
476 -2.2407 1.1127
477 0.049121 -0.79783
478 -0.91849 0.59117
479 1.5496 -0.88582
480 0.4858 -1.7161
481 0.22353 0.36208
482 1.6919 -1.1248
483 -2.3841 1.7508
484 -2.145 1.6997
485 2.0398 -0.28631
486 1.5399 1.6356
487 0.8107 -1.8955
488 1.3854 0.94328
489 -1.5046 1.0683
490 2.3568 -1.6523
491 -0.38522 2.0496
492 2.3601 -0.3265
493 0.65663 2.3505
494 0.34897 -0.013227
495 -1.1619 0.13081
496 -1.2915 -2.1355
497 2.2542 -2.413
498 -1.2481 0.66023
499 -0.5821 0.38754
500 -2.1889 1.2922
501 -1.3912 -2.206
502 -2.1773 0.41659
503 1.4089 -2.2359
504 0.20826 2.3079
505 2.0595 1.5814
506 2.1523 0.14161
507 -2.2355 -0.17032
508 -0.84604 2.4382
509 1.2377 0.74014
510 -2.2818 -2.4124
511 0.17805 -1.7773
512 -1.0629 -1.6844
513 -1.8978 0.60377
514 -2.2656 1.4474
515 0.97224 2.3399
516 -0.12291 0.72994
517 -0.74699 1.4137
518 -2.0851 1.1989
519 -1.7231 0.4248
520 0.52775 -0.86182
521 -2.4537 2.1881
522 -2.213 2.0273
523 1.9335 -1.6147
524 -1.2391 -0.68633
525 0.69918 1.0168
526 -2.0788 1.5087
527 0.19275 -1.2198
528 -1.2742 -2.282
529 -1.8104 -1.6991
530 0.27842 0.11669
531 -1.5257 -0.76109
532 -1.588 0.72034
533 -2.3396 -1.8219
534 -2.2485 1.471
535 0.74701 2.4212
536 -0.13326 1.8118
537 -1.3767 -0.83285
538 -0.77453 2.2484
539 2.2821 1.8501
540 -1.6153 -0.25359
541 -0.99647 -2.4251
542 1.0787 -1.1834
543 -0.87755 -0.67522
544 -0.82204 -1.6207
545 2.3233 -0.060695
546 1.0056 -1.4768
547 -0.86684 -2.0117
548 -1.8791 0.62613
549 1.2192 -2.4066
550 2.0955 -1.6145
551 -0.4898 -0.23107
552 -2.1076 -0.088312
553 1.4865 -0.83602
554 0.46132 -2.1742
555 -2.497 0.62252
556 0.74708 -1.6376
557 1.3241 -2.3065
558 1.0264 0.90035
559 -0.56005 1.6621
560 -0.87638 -0.14531
561 0.59722 -0.23724
562 -0.77451 2.1645
563 1.1785 -0.4261
564 -0.37627 -2.2726
565 -0.45126 1.8693
566 0.18928 1.8245
567 -2.0091 2.0686
568 1.1073 -1.8685
569 -0.93348 0.63758
570 0.80629 2.1671
571 2.2906 -1.4781
572 -0.2197 0.28636
573 -1.991 0.29698
574 0.32417 0.68194
575 0.36464 0.27235
576 -1.8881 -1.2862
577 1.3591 -1.9452
578 -1.6478 -0.051533
579 2.0976 -1.0767
580 0.81597 -1.736
581 0.80934 2.293
582 -1.9548 1.722
583 2.3432 1.4339
584 1.0169 2.1407
585 -2.3316 2.3463
586 -1.273 2.0849
587 -1.0844 0.70922
588 -1.7733 0.27244
589 -2.4741 1.4559
590 -0.45415 0.13863
591 2.3771 -0.93247
592 2.2538 -2.245
593 0.70001 -0.63317
594 -1.052 2.2172
595 -2.3642 0.53763
596 1.3175 -2.2407
597 0.75663 1.5674
598 1.9096 2.4895
599 1.5235 0.50903
600 0.78522 -2.0173
601 0.28365 1.7562
602 -1.6269 -1.2057
603 -0.83525 -0.1062
604 -0.34179 -0.14543
605 -2.1486 -0.55525
606 2.1544 2.0442
607 2.109 2.1129
608 -0.39953 -1.0724
609 -0.75044 0.3218
610 -0.37003 -0.8288
611 -0.2926 -1.8406
612 1.7801 0.56064
613 -0.17137 -0.1893
614 -1.4262 1.1988
615 -1.8298 1.6385
616 1.5552 1.9326
617 1.7581 -0.69238
618 2.2631 -0.87538
619 -0.21269 -0.27329
620 2.2395 2.3273
621 -2.2973 1.5675
622 -1.8136 -0.24267
623 0.36397 -1.6719
624 -2.3287 0.98167
625 0.047782 1.0978
626 -1.3969 -1.5476
627 0.87578 0.2412
628 0.36882 -1.9897
629 -0.25137 -0.64518
630 -1.5019 -0.6424
631 1.2828 2.3643
632 -0.18362 -2.3702
633 -0.061081 -0.18028
634 -2.0525 2.2288
635 -2.3707 -1.8126
636 -1.3744 0.13408
637 0.27408 -0.2049
638 -1.8107 1.6357
639 -0.054704 -1.9996
640 -1.999 2.2462
641 0.883 -0.78507
642 2.0735 -0.94832
643 -1.9255 1.8869
644 -1.5722 -2.1675
645 -1.61 0.67943
646 -0.56306 1.7515
647 -0.46825 -2.3786
648 -0.29259 -1.3538
649 2.1987 1.2278
650 -0.53248 -0.25817
651 1.9401 -0.25312
652 1.4069 1.1016
653 2.2975 0.66093
654 -0.14939 2.3962
655 -0.89846 0.58101
656 0.97162 -1.9125
657 0.85545 0.82664
658 0.86745 0.89236
659 -2.1053 -2.1858
660 -1.2673 1.142
661 -2.4922 -0.26254
662 0.69512 1.3766
663 -0.3178 -1.0276
664 1.7473 1.4893
665 2.374 0.099852
666 0.70034 2.3173
667 -2.0453 0.87457
668 1.2079 -0.19155
669 -1.6611 -2.1571
670 2.2539 1.2526
671 0.59025 2.3167
672 1.6465 1.271
673 -1.1485 -1.6655
674 2.4874 -0.13364
675 -0.96693 0.99034
676 -1.1656 -1.0697
677 0.70539 0.94315
678 -1.5963 -0.2224
679 -0.98445 -2.0321
680 -0.18994 2.3413
681 -0.24961 -1.761
682 2.4437 -1.8715
683 0.010866 0.076956
684 1.9435 2.3043
685 0.48714 -0.88286
686 -0.61042 1.8406
687 1.4404 -1.2316
688 0.61692 1.3639
689 2.331 -0.39949
690 -1.8194 -0.28806
691 -0.40155 -1.3702
692 2.2162 -2.0225
693 -0.20125 -0.78753
694 -0.24183 0.85187
695 -2.3051 -1.2351
696 -2.479 -0.013379
697 0.65707 1.6745
698 -1.7225 0.87422
699 -2.0716 -2.4168
700 -1.1865 -1.8574
701 1.8712 -1.4586
702 -0.20769 1.1864
703 1.7872 2.0361
704 -1.2583 -1.7622
705 2.2479 -0.45874
706 2.2662 2.3238
707 2.213 1.8468
708 2.4349 1.359
709 1.7134 -0.12906
710 -2.0191 -0.26488
711 1.7339 -0.98561
712 -0.41771 1.3422
713 0.17369 1.4721
714 1.098 -2.0678
715 1.4328 -2.0394
716 -0.55188 0.35216
717 1.206 -0.065415
718 -1.1688 -1.005
719 -1.2285 -1.1458
720 -1.2013 -0.57871
721 -1.8517 -0.31864
722 0.093933 -0.49573
723 1.0074 -1.2721
724 -2.419 -1.1004
725 -0.56263 -0.97644
726 1.2384 -0.63202
727 -1.5737 0.64275
728 -2.2636 -2.0817
729 0.71523 1.9061
730 -1.7888 -1.2657
731 -0.12291 -1.3034
732 -0.56644 -1.9383
733 -1.6093 -2.0218
734 -2.4743 1.2005
735 0.60507 0.38237
736 -1.5208 2.3083
737 1.4372 -0.60316
738 2.2795 -1.8579
739 -2.1239 -0.77235
740 -2.3553 -2.3467
741 -1.027 0.90979
742 1.7705 -1.3558
743 0.84209 -2.089
744 -0.32471 -2.3964
745 -2.1723 1.1059
746 1.0335 2.1305
747 -1.1322 0.29188
748 1.0125 -1.6337
749 0.68757 0.64343
750 -1.0882 0.066421
751 0.32163 0.51289
752 1.6189 2.0614
753 2.116 -1.5846
754 -2.3245 -0.83695
755 -0.71767 0.30215
756 -0.086343 -2.3876
757 -0.0074129 -2.0619
758 -1.9624 -1.1198
759 -1.535 -2.1149
760 -0.64765 1.7271
761 1.8382 -1.0083
762 1.081 -0.54857
763 2.2104 -2.3651
764 1.6362 -0.5115
765 0.87935 -0.063409
766 -1.5755 0.39918
767 -0.88483 1.248
768 1.3776 0.77931
769 1.2108 -1.569
770 -1.4789 0.70863
771 -1.1692 0.49303
772 -0.70056 -2.2687
773 -0.58467 -1.3059
774 -2.1299 0.81336
775 -1.8028 0.33993
776 -1.4538 -2.0815
777 -2.0807 1.288
778 -2.1858 1.8367
779 0.95458 -0.76468
780 -1.6674 0.15005
781 0.37761 -0.31702
782 -1.1417 -0.052349
783 1.0659 1.4646
784 -1.6213 -0.097949
785 1.4058 2.1201
786 -0.54866 -1.6623
787 -2.0201 1.7206
788 -0.11504 0.40572
789 2.1945 0.9028
790 -1.941 2.4171
791 -0.79216 0.96544
792 -2.5 0.95893
793 1.2347 -2.1873
794 -0.82161 2.3505
795 -0.66692 0.24882
796 1.4352 1.0485
797 1.001 0.55001
798 1.9692 0.74629
799 0.75685 0.7721
800 -1.4727 -1.7557
801 2.2207 -2.0559
802 -1.0643 1.3146
803 -0.14157 -0.021008
804 -1.497 -2.458
805 -0.6795 1.7586
806 0.50572 1.0612
807 1.5835 -2.1551
808 1.9862 -2.4854
809 -0.65389 0.56728
810 0.78705 2.0147
811 -2.4755 -1.2031
812 -1.0678 1.1618
813 1.8755 -0.78288
814 0.27821 1.0236
815 0.24095 2.0289
816 -2.0375 0.86053
817 1.9013 -2.3205
818 -2.0198 1.8913
819 -0.2739 1.8923
820 -1.2616 0.54629
821 1.5551 0.21332
822 2.4535 -0.47265
823 -0.3097 2.2054
824 1.1161 0.33397
825 -1.3341 -0.90807
826 -0.49244 -1.321
827 2.0141 -0.17028
828 -2.0314 0.083534
829 -2.1399 -0.31375
830 -0.51308 1.1982
831 -1.9481 -2.1401
832 0.53964 -1.3224
833 -1.6586 0.7926
834 1.9459 1.8018
835 -1.9076 2.4178
836 1.7848 0.969
837 2.4927 -0.053945
838 -1.6007 -1.9685
839 -1.8172 -1.0043
840 2.1794 -0.73105
841 2.2482 1.7499
842 0.76917 -1.8837
843 1.7855 -1.707
844 -1.5384 -1.1441
845 -2.0554 0.382
846 -2.238 -0.70222
847 -0.42163 -2.392
848 0.9974 -0.56944
849 -1.8567 -1.4232
850 -1.1556 -1.4077
851 1.114 1.2347
852 -1.364 2.4519
853 1.9711 1.9974
854 2.4466 1.3688
855 -0.15633 -0.9941
856 -1.6579 -1.5447
857 0.65895 1.2091
858 1.6081 2.2837
859 -2.2828 -0.50894
860 -0.56332 1.5967
861 -0.11008 -2.1498
862 -1.8126 2.0385
863 -1.9611 1.1497
864 2.4993 2.3375
865 0.86571 -1.6824
866 -1.2529 0.58689
867 -1.8567 1.8162
868 -1.5989 1.9253
869 1.6813 2.3989
870 0.51063 -0.74278
871 -0.78834 2.0234
872 -0.84996 -1.5022
873 2.0477 2.2915
874 -1.2715 2.1349
875 0.33557 -1.0444
876 0.10833 2.0774
877 0.2524 1.4208
878 -1.9107 -1.031
879 -1.5402 1.7847
880 1.744 -0.59916
881 -0.66731 -0.8574
882 -0.60773 0.038031
883 2.3975 1.2615
884 1.1164 2.4202
885 -0.6458 1.8503
886 -1.0796 0.98556
887 1.4154 1.934
888 1.4215 0.3506
889 2.4385 1.3816
890 -1.4656 2.3337
891 -1.5777 1.6562
892 -0.5984 2.1593
893 2.4597 -0.21537
894 -0.69153 -1.5298
895 1.0447 1.5743
896 0.21768 2.386
897 -2.2218 1.3514
898 1.7099 -0.33903
899 1.3177 0.72921
900 0.67296 0.79402
901 1.1851 -1.1736
902 0.22809 -1.5725
903 1.6756 -1.4311
904 2.1197 2.2729
905 -1.5615 1.9453
906 0.61258 -1.2429
907 -1.6779 -0.75176
908 1.084 -2.3725
909 -2.1283 -1.908
910 1.2366 0.78495
911 1.6928 -1.1773
912 -0.59898 0.82349
913 -0.95815 -1.8492
914 0.015551 -2.384
915 1.6418 -1.6138
916 -1.4308 -0.20162
917 2.0674 1.6194
918 2.1837 1.9729
919 -0.38816 -0.22596
920 -0.8084 0.031397
921 -2.0432 -2.3865
922 0.98208 1.734
923 1.9378 -1.1463
924 1.1618 2.1797
925 1.1331 -2.1702
926 0.76292 -0.42117
927 -2.264 2.3012
928 2.0071 0.89753
929 1.0713 -0.20567
930 -1.1659 -2.2456
931 -2.4153 1.9902
932 -1.4764 -2.0772
933 -0.70107 2.0551
934 -0.51492 0.40467
935 -0.54709 -0.80362
936 2.2056 2.2823
937 2.2749 -1.9903
938 -0.77507 2.146
939 1.6152 -1.4146
940 -1.5469 -1.3108
941 -1.3113 -1.5186
942 1.4583 2.177
943 -0.65821 -1.5582
944 -1.423 1.0569
945 -0.4539 1.7692
946 -1.6256 -2.3267
947 0.45984 -1.3435
948 -2.1946 2.0466
949 0.97963 1.3983
950 -2.4587 0.95698
951 1.2656 1.2734
952 0.26269 -0.96673
953 -2.1359 2.2241
954 0.92101 -0.47849
955 -2.3879 0.68697
956 0.090789 2.2565
957 -2.3779 -1.5426
958 -0.34087 1.0202
959 0.63454 -2.4863
960 0.59032 -0.97222
961 -0.9475 2.0128
962 -0.75722 2.4787
963 -1.8244 2.0684
964 0.60747 -2.4926
965 -2.327 0.10671
966 0.81002 -0.16739
967 -0.52936 -2.1546
968 0.9725 0.51461
969 -0.98905 -1.6179
970 1.8231 2.426
971 -1.6778 1.0256
972 0.05124 -1.185
973 -2.4838 -1.2916
974 -1.0105 1.4824
975 0.92665 0.25956
976 2.4107 0.89956
977 0.15246 1.5502
978 -1.2514 -1.6583
979 0.93171 -0.92648
980 -2.441 1.3349
981 -0.047033 -0.19812
982 0.63575 -1.0213
983 0.46976 0.89973
984 1.7657 1.6076
985 2.4363 1.7093
986 -2.0696 1.9709
987 -1.6609 -1.2036
988 1.9365 -2.3491
989 0.96011 -1.3037
990 0.70298 0.53247
991 -0.32257 -0.059653
992 -0.766 -0.80062
993 -1.2267 2.4655
994 0.82716 -0.014426
995 -0.5135 -1.8555
996 -1.9988 -0.47391
997 1.2875 -1.5788
998 -1.2104 -0.45172
999 1.8993 -1.8528
1000 0.065987 -1.0579
1001 -0.043927 0.94845
1002 -0.059302 -1.5065
1003 1.2625 -1.8243
1004 -0.86416 1.7333
1005 -0.25956 0.27937
1006 0.17052 1.5568
1007 2.3296 -0.8575
1008 -1.5315 -0.56123
1009 -0.53762 -0.18604
1010 2.4805 -2.2343
1011 -2.3847 -2.4722
1012 1.7641 -0.80285
1013 -1.5353 -0.23071
1014 1.4399 -1.2829
1015 0.74943 1.2331
1016 -0.7672 -0.35719
1017 -1.5429 1.2969
1018 0.69452 -2.1914
1019 -1.1045 2.264
1020 1.1955 -0.30445
1021 1.2713 -0.55756
1022 -2.0527 2.495
1023 -1.0803 -1.2473
1024 0.99613 -1.7183
1025 1.4623 1.0156
1026 -0.14993 0.023204
1027 1.126 -0.46331
1028 -0.54924 1.1267
1029 -2.4958 -1.5729
1030 -0.47177 -0.086759
1031 -2.1915 0.72405
1032 -2.3576 -1.7596
1033 -1.4014 0.6651
1034 0.40594 -1.9613
1035 0.038447 -0.61671
1036 1.9957 -0.20204
1037 0.24732 0.32379
1038 0.92775 0.19231
1039 -2.4042 1.0586
1040 1.1536 0.12875
1041 1.7849 2.1052
1042 -0.96868 2.3361
1043 2.4945 -2.3539
1044 -1.5109 -2.4678
1045 2.3481 2.0231
1046 -1.4747 0.43017
1047 1.7976 -0.51692
1048 0.18735 -0.20407
1049 0.36786 -0.59714
1050 -0.57416 -0.56139
1051 -0.74223 -2.4584
1052 0.81758 0.58037
1053 -1.5853 -0.82014
1054 1.5351 0.75598
1055 -0.54174 -2.4191
1056 -1.9351 -1.6492
1057 0.59181 -2.1628
1058 -0.87855 1.1488
1059 2.0857 -0.23721
1060 2.1633 1.5679
1061 2.4756 0.65478
1062 -1.7209 -1.6062
1063 -1.0485 -1.2123
1064 1.7786 0.31651
1065 -1.5031 -0.91677
1066 -1.9882 0.24231
1067 1.011 0.18215
1068 1.0553 -2.0039
1069 -1.6688 1.5198
1070 -1.6474 1.8207
1071 2.2644 1.6588
1072 1.4641 1.1719
1073 0.37696 -0.83746
1074 1.6833 -0.14719
1075 -0.068285 -0.40014
1076 1.6769 -1.0182
1077 1.0926 1.922
1078 -1.7886 -2.1984
1079 1.043 -2.2216
1080 2.3962 -2.0365
1081 0.39704 -0.6641
1082 0.64636 -0.36857
1083 -0.18969 -1.0274
1084 0.010521 -1.1466
1085 0.22494 -2.2146
1086 -0.056088 -2.0403
1087 1.0529 -1.9838
1088 -0.41233 -2.141
1089 1.1436 -0.34599
1090 -0.13562 0.60463
1091 0.97954 0.26708
1092 -0.19527 2.1837
1093 -0.67265 -2.172
1094 1.6064 -1.8026
1095 1.0617 1.7643
1096 0.052638 2.4815
1097 1.3593 -0.15361
1098 -2.2373 0.28366
1099 2.153 -0.66926
1100 1.4877 -0.86276
1101 -2.266 0.64061
1102 0.0266 -1.8519
1103 -1.7058 -0.61093
1104 2.0438 -1.2223
1105 -2.3874 2.1856
1106 -1.1242 -1.6613
1107 -1.4664 1.4352
1108 -0.19511 1.5019
1109 1.082 -2.195
1110 2.3592 -0.86454
1111 -1.4359 1.6885
1112 0.68865 1.4505
1113 -1.6026 -1.6397
1114 1.7562 0.31273
1115 1.9978 2.1597
1116 -1.4801 -1.278
1117 1.8702 1.377
1118 0.76969 2.4988
1119 0.36588 0.82703
1120 -0.21058 0.51671
1121 1.5308 -1.1697
1122 0.43975 -2.0964
1123 0.75945 1.1558
1124 0.53028 0.9884
1125 -1.4092 2.3281
1126 1.9238 -0.54007
1127 -1.2258 -0.048795
1128 -0.88039 -1.2411
1129 1.8817 -0.59208
1130 -1.8143 -2.4249
1131 -2.458 1.3231
1132 -1.1282 -1.1584
1133 -1.4824 -1.8864
1134 1.7484 2.2067
1135 -0.57021 0.532
1136 1.2111 -2.2084
1137 1.6175 -1.7795
1138 -1.1191 1.5723
1139 -0.96651 0.65597
1140 2.4945 -1.8399
1141 1.0824 -2.1468
1142 0.51682 2.2478
1143 0.14866 -2.4921
1144 2.2221 2.2122
1145 1.1815 0.45766
1146 0.78105 -0.61983
1147 -2.0056 0.54187
1148 0.24028 -1.3578
1149 0.76901 -1.9257
1150 0.33664 1.7512
1151 -2.283 -1.9563
1152 0.85927 -2.2066
1153 1.1465 1.1522
1154 -0.0093184 -0.8456
1155 1.2618 -0.43192
1156 -2.0972 0.49019
1157 1.8841 2.1833
1158 1.4491 -0.084115
1159 0.098519 1.2316
1160 -0.88891 -1.5831
1161 -1.8332 -1.8703
1162 -0.10891 1.4957
1163 -2.1611 -1.4604
1164 0.058906 -1.8444
1165 1.1343 -2.1396
1166 0.52941 0.65603
1167 1.6983 -1.3827
1168 -0.67333 1.5534
1169 1.4991 1.0422
1170 -1.5393 -1.899
1171 -1.0694 -1.3354
1172 0.97035 -1.1819
1173 1.6996 -1.7978
1174 -1.0675 0.88191
1175 1.5098 1.6996
1176 1.0784 0.18818
1177 -0.13481 1.0252
1178 1.0069 -1.0275
1179 -2.3273 1.8958
1180 2.0939 -1.4368
1181 -0.35382 1.0926
1182 -0.010716 0.012251
1183 -0.16601 -2.2906
1184 -0.59432 2.2878
1185 -0.28853 1.9834
1186 -0.53706 1.411
1187 1.3546 1.2308
1188 -1.3506 1.6541
1189 -1.5303 -0.35797
1190 -1.4893 0.17806
1191 -0.80064 -0.6019
1192 0.36306 -0.77924
1193 -0.62022 -2.036
1194 -0.50398 0.10703
1195 -0.86402 -2.154
1196 2.2061 0.41885
1197 -1.8906 -0.1083
1198 -0.082095 0.12668
1199 0.50088 0.56183
1200 -0.47354 -1.5341
1201 0.82032 -1.7808
1202 1.8185 2.147
1203 1.0626 1.2571
1204 -2.4935 -1.8638
1205 -1.0607 -0.52642
1206 -2.0491 0.65188
1207 1.7591 -1.9693
1208 2.2189 -1.4094
1209 1.2829 0.81739
1210 -2.3818 -2.3136
1211 1.6091 -0.88393
1212 0.67709 1.3378
1213 0.63075 -0.2056
1214 0.31724 -1.7174
1215 -2.1361 -2.4446
1216 0.37554 -0.46995
1217 -1.0308 -0.049374
1218 1.7982 2.1685
1219 2.296 -2.3356
1220 2.3227 -2.4027
1221 -1.0597 0.35857
1222 -0.64985 1.6135
1223 -0.59378 -2.0352
1224 0.94133 -1.1233
1225 -0.89389 -1.2886
1226 0.36645 1.2587
1227 -0.024612 1.6058
1228 0.60569 -0.048846
1229 1.846 -0.41885
1230 -2.3792 -0.095928
1231 2.3948 0.20142
1232 0.045401 -1.139
1233 -2.4185 0.97512
1234 -1.047 2.3293
1235 0.93595 0.65528
1236 -2.3769 1.8595
1237 1.2299 2.4448
1238 2.2355 2.24
1239 1.2682 -1.7373
1240 0.92208 -0.98443
1241 -0.62984 -0.77168
1242 -0.30564 -0.13598
1243 2.3829 -0.28636
1244 -2.1 -1.5177
1245 -1.331 1.3415
1246 -2.2476 0.73142
1247 0.93136 0.30861
1248 -0.13905 0.8955
1249 0.73066 -2.4289
1250 -1.4211 -0.47204
1251 -1.2763 1.5192
1252 0.75063 -1.0934
1253 -1.7371 -0.55343
1254 2.2534 -1.9264
1255 1.2467 1.9414
1256 -1.889 0.76808
1257 1.264 -2.2602
1258 -0.88702 1.6946
1259 2.2193 -0.84881
1260 -2.3395 0.46333
1261 1.5896 -0.18131
1262 -2.0665 -1.1523
1263 -1.2723 -0.11235
1264 -0.084426 -0.71526
1265 -2.2544 -1.857
1266 2.3971 0.96264
1267 1.5082 1.017
1268 -2.1986 -0.13873
1269 -0.90471 -0.26576
1270 1.7213 -2.126
1271 -0.40346 -2.4912
1272 -2.1655 1.1597
1273 1.2778 0.072411
1274 -1.2736 -2.0467
1275 0.55829 -0.6365
1276 -1.9836 -0.53666
1277 0.93031 2.2546
1278 0.26688 1.9753
1279 -2.2268 -0.89309
1280 1.7355 1.8225
1281 2.271 -1.5407
1282 -1.8303 0.50414
1283 -0.72714 0.37442
1284 -1.0912 0.127
1285 1.7122 -0.69227
1286 1.3881 -0.67836
1287 1.5894 -2.2385
1288 -0.96344 1.8764
1289 0.53427 -1.0877
1290 -1.8982 1.1282
1291 -0.37394 -1.5966
1292 0.46717 -0.29856
1293 1.1287 -0.004796
1294 -0.21128 -1.9842
1295 -2.1433 0.90161
1296 0.89525 -0.93226
1297 -2.2162 -0.37457
1298 -1.77 -0.90927
1299 0.087106 1.6704
1300 1.539 -1.4813
1301 2.0426 -0.10112
1302 -0.45108 -1.3023
1303 -2.3535 -1.7113
1304 -2.1138 -0.83386
1305 1.3541 -1.8436
1306 0.086517 -1.1773
1307 1.8209 0.88596
1308 0.15715 0.65851
1309 -1.9068 -0.27998
1310 -2.3025 -2.3317
1311 0.45732 -1.3229
1312 1.033 -1.5017
1313 -1.0058 -1.1636
1314 1.4716 -0.30161
1315 -2.1862 2.1022
1316 2.137 0.11426
1317 -1.1275 2.2979
1318 -0.67475 0.53791
1319 -0.57071 2.2231
1320 2.2488 -1.7657
1321 0.78422 1.3271
1322 1.4444 2.1622
1323 0.46063 2.4176
1324 0.61658 -0.82284
1325 -1.1008 -0.56089
1326 -1.5828 2.1882
1327 -0.13975 2.2075
1328 -2.3923 -2.2326
1329 1.4235 -0.45012
1330 -2.2127 -0.056125
1331 -1.0449 -1.9652
1332 2.2198 -1.7311
1333 1.7484 -1.2379
1334 2.2732 -0.23004
1335 1.5474 -1.5745
1336 1.8638 1.2161
1337 1.8477 -2.0046
1338 2.3966 -0.86832
1339 -2.1723 -2.1139
1340 0.43632 -1.2472
1341 -2.0535 -1.7129
1342 1.3647 2.3438
1343 0.0615 0.80059
1344 1.1898 -1.3789
1345 -2.4894 1.9776
1346 -1.9906 1.9084
1347 -0.33665 0.22334
1348 0.68061 2.4522
1349 1.0921 0.45891
1350 2.0356 -1.7946
1351 -1.575 1.4518
1352 -1.79 1.1176
1353 -0.32921 -0.6169
1354 -1.3232 -1.1204
1355 2.1519 -0.44893
1356 1.3108 2.4172
1357 0.40617 1.8773
1358 1.768 0.27394
1359 -1.6527 -1.0373
1360 -1.6678 -1.6127
1361 -1.8802 -1.2643
1362 -1.8278 -1.8878
1363 0.20119 -1.013
1364 1.9872 1.8647
1365 1.3552 1.8019
1366 -0.87006 1.2568
1367 -1.8227 1.6708
1368 -2.2076 1.4505
1369 -1.438 -0.14462
1370 1.9405 0.68846
1371 2.4052 -1.4734
1372 0.029809 -0.65222
1373 -1.2861 -1.2436
1374 0.41371 -1.3916
1375 1.2757 0.12662
1376 1.9283 -2.4409
1377 -1.0687 1.2825
1378 1.9899 0.24793
1379 2.0792 2.0386
1380 1.3359 -0.75663
1381 -1.8244 -1.3693
1382 1.7071 2.3584
1383 1.5424 0.33939
1384 -1.5318 2.4054
1385 -0.14513 -2.0627
1386 2.0393 0.33513
1387 2.3719 2.072
1388 0.6753 2.1293
1389 2.1092 1.8962
1390 2.4489 1.1873
1391 0.68717 -0.86578
1392 -2.4759 2.3801
1393 1.853 -1.394
1394 -0.70914 1.381
1395 -0.22736 1.4748
1396 1.2673 -2.2853
1397 1.1953 1.0659
1398 2.4327 -0.22608
1399 0.77121 -2.1376
1400 -1.4038 0.79657
1401 0.3143 0.028172
1402 2.0697 -1.042
1403 1.0122 2.3167
1404 -1.8118 -1.3568
1405 -0.19446 0.58391
1406 -0.058903 1.0955
1407 -0.0013289 -2.382
1408 1.7846 -1.4876
1409 -2.207 -2.3174
1410 2.1748 -0.91745
1411 0.44347 -0.52258
1412 1.2158 1.8331
1413 0.03196 1.0375
1414 0.39996 -1.4431
1415 -0.68195 -0.82942
1416 -1.3913 -2.4188
1417 -2.125 -0.91961
1418 -2.254 1.9331
1419 1.0345 0.30772
1420 -0.78027 -0.050062
1421 -0.069506 2.037
1422 -1.8017 0.13192
1423 1.5502 1.282
1424 1.1649 2.1225
1425 -1.2363 -2.0046
1426 2.1243 0.87896
1427 2.4806 0.88437
1428 -1.1935 -1.5499
1429 1.5437 -0.24917
1430 -2.2363 -2.3031
1431 -2.2851 -1.3496
1432 0.311 -0.64832
1433 -1.399 0.0088667
1434 0.81895 -1.1037
1435 2.2066 -1.3755
1436 -1.8193 1.4285
1437 -1.4967 0.88062
1438 -0.80587 -2.2222
1439 -1.3351 -0.44605
1440 -1.0106 0.33549
1441 -1.1318 -1.0535
1442 0.334 2.4483
1443 0.076799 -1.6367
1444 0.81558 -0.96706
1445 -1.3964 -1.4993
1446 1.0759 1.7338
1447 0.3455 0.82005
1448 0.52032 -1.7056
1449 2.4982 2.4493
1450 0.19931 -1.0329
1451 0.81718 -1.0301
1452 1.3998 -0.60595
1453 1.8502 0.81641
1454 -1.9276 0.88408
1455 -2.2407 -1.375
1456 -2.3859 -1.4255
1457 0.23337 -0.94657
1458 -0.52998 -2.2163
1459 -2.2547 1.2176
1460 1.8051 -0.027261
1461 1.0764 2.184
1462 -0.040302 -0.54006
1463 1.8709 2.1908
1464 1.7968 -0.28107
1465 2.3843 -1.2077
1466 1.7794 -1.1469
1467 -1.758 0.70351
1468 -0.97188 1.4234
1469 2.4318 -1.7806
1470 -0.31556 -2.182
1471 1.8251 -1.4575
1472 -2.2637 -0.11288
1473 -1.118 -1.796
1474 2.1932 -2.0908
1475 1.6903 2.1559
1476 2.2403 -0.75182
1477 -0.3233 0.65809
1478 0.020991 -1.197
1479 -1.5009 -0.18399
1480 -0.33082 -0.74632
1481 0.0066672 -2.201
1482 -0.42244 2.3434
1483 2.1553 1.5827
1484 0.85288 -0.32102
1485 -1.0886 -2.0418
1486 -0.05971 -1.4432
1487 -2.4123 1.8035
1488 -1.0782 1.992
1489 -0.25903 -0.31965
1490 2.0293 0.64294
1491 -1.9874 -1.5102
1492 -0.19241 -1.6592
1493 0.67882 -1.8642
1494 2.408 -1.7858
1495 -1.7423 1.7118
1496 0.62248 -2.4992
1497 -1.6246 -0.056564
1498 -0.97339 2.0188
1499 1.4806 -2.0722
1500 0.39686 1.1438
1501 -0.28043 0.53376
1502 -0.44789 1.2023
1503 -1.7412 -0.84026
1504 -0.53539 1.449
1505 0.40841 -1.7936
1506 1.8453 -1.9419
1507 2.38 -0.60789
1508 2.1735 -2.4354
1509 -1.6733 -0.93458
1510 1.8932 -0.24576
1511 -0.61215 -2.18
1512 0.28881 -1.7945
1513 1.984 0.43554
1514 1.71 1.5345
1515 -0.87451 2.4533
1516 -0.30975 0.25267
1517 -0.73344 2.1679
1518 2.3655 0.89181
1519 -0.98125 0.12244
1520 1.4194 -1.497
1521 0.64365 -1.1837
1522 -1.8776 -0.94274
1523 0.041793 -0.23091
1524 1.3332 1.2964
1525 -2.3695 1.006
1526 1.5032 -1.3971
1527 -1.642 2.2356
1528 -2.3011 0.43586
1529 -0.61629 -1.7988
1530 1.7689 -0.91262
1531 -0.99033 2.4356
1532 -2.2694 0.15332
1533 0.52973 -2.1352
1534 -1.1111 -2.3655
1535 0.6995 -0.60023
1536 -0.9243 -2.4178
1537 2.0468 0.93364
1538 1.2176 0.43912
1539 -2.2406 -1.1575
1540 0.40211 1.3636
1541 -2.1077 -0.14718
1542 1.5135 1.5004
1543 -0.79057 -0.74508
1544 -2.064 -1.2941
1545 -0.38688 1.8871
1546 -0.61673 -2.4177
1547 1.3316 -0.17203
1548 -1.9908 2.2146
1549 -0.35247 2.4539
1550 0.94307 -1.9278
1551 1.687 -1.1951
1552 1.9112 0.60623
1553 -1.4498 0.12291
1554 -0.42124 0.65095
1555 -1.0571 -0.44365
1556 0.87908 -0.14149
1557 2.4649 -0.82412
1558 0.21878 -2.4148
1559 -1.2278 1.3931
1560 -0.87452 2.0543
1561 1.1251 0.22229
1562 0.03115 2.2075
1563 -1.7927 1.4636
1564 1.4071 1.8946
1565 -1.5557 2.1522
1566 -2.0726 1.7653
1567 -0.29869 -0.19129
1568 -1.7428 -2.3225
1569 -0.75531 0.18416
1570 1.8581 1.7172
1571 0.54232 -1.6412
1572 2.2878 -0.89619
1573 1.8285 0.43295
1574 1.9102 -0.28939
1575 1.5092 -0.94443
1576 -1.8287 1.1361
1577 0.24005 0.2375
1578 -1.1124 -1.9768
1579 0.15936 1.9944
1580 0.61302 -0.37752
1581 0.41399 -2.0413
1582 0.64663 -2.3682
1583 -1.0385 -2.3975
1584 -1.9181 1.5099
1585 -0.13582 1.0435
1586 -2.1416 -0.40601
1587 -0.084113 -1.7756
1588 2.0786 2.358
1589 -1.8472 1.0313
1590 1.3799 -1.9938
1591 1.3966 0.60088
1592 -1.0105 -2.1951
1593 1.1878 -2.2427
1594 -1.1077 1.1075
1595 0.75026 -1.7011
1596 -1.5342 -0.6154
1597 -1.257 -2.2397
1598 -0.23736 -1.7018
1599 -0.69216 1.8906
1600 -0.60183 0.18099
1601 0.8785 1.4667
1602 -2.1572 2.2608
1603 1.7543 -1.8556
1604 -0.26191 1.1342
1605 -1.8978 -0.99447
1606 -0.91565 1.7193
1607 -2.3786 0.58555
1608 -1.4244 -1.7407
1609 0.47469 -1.2625
1610 1.984 -2.0643
1611 -0.39353 -0.31465
1612 -1.3995 -1.8345
1613 2.1393 2.0231
1614 0.85028 1.2263
1615 -0.46401 -1.1567
1616 -1.121 -1.4667
1617 2.1245 -1.8096
1618 1.4132 -0.41936
1619 2.2997 0.5757
1620 -1.1739 0.9707
1621 1.6679 -0.92821
1622 -0.74206 2.0403
1623 0.33497 0.3307
1624 -1.8347 -0.53014
1625 0.56968 -2.2304
1626 -1.7504 0.93046
1627 -1.4039 -2.4351
1628 1.4461 -0.66225
1629 -1.9259 0.17932
1630 -1.1825 -2.4363
1631 0.85209 -2.3145
1632 -0.070806 1.1437
1633 -1.4691 1.0537
1634 0.54057 1.8959
1635 0.75644 1.0099
1636 2.1467 2.2363
1637 0.83375 2.1287
1638 0.080297 -0.42954
1639 -1.7794 -2.2467
1640 -0.78438 -0.44211
1641 -2.3971 1.5114
1642 -0.75361 -2.0178
1643 -1.4313 0.80913
1644 1.8576 1.5106
1645 2.245 2.1611
1646 -1.1168 0.11092
1647 1.3382 -0.28135
1648 -0.52042 -0.11219
1649 -1.3918 -0.86429
1650 -0.23885 0.68197
1651 0.043676 -0.10046
1652 1.955 -1.0342
1653 0.12499 0.052329
1654 2.1385 -2.1734
1655 -0.13897 1.3695
1656 -0.097257 -2.1004
1657 -1.5631 1.3367
1658 -0.26463 -0.4883
1659 1.5659 1.6543
1660 -1.4761 -0.78567
1661 1.7582 -1.3236
1662 -1.1511 -2.0568
1663 -2.1139 -2.366
1664 0.74405 1.3157
1665 -1.1139 -1.9365
1666 -2.0598 -0.076882
1667 0.57617 1.1016
1668 0.44017 2.2016
1669 -1.5282 -1.265
1670 0.94291 -1.4149
1671 1.5917 2.4795
1672 -0.049576 -2.3866
1673 0.20715 -0.6014
1674 0.013859 -2.0148
1675 1.0416 -0.16224
1676 2.1838 2.1572
1677 1.3927 -2.3594
1678 0.85884 -1.2841
1679 -0.48155 -2.3947
1680 -1.9275 -0.57238
1681 -0.73423 -0.95002
1682 -0.4682 -1.5927
1683 -1.6093 0.5209
1684 1.3533 2.1725
1685 -2.3685 1.3849
1686 1.0939 0.59808
1687 -0.34796 -1.216
1688 -0.75483 0.91189
1689 -0.11952 0.56575
1690 1.4072 0.658
1691 -1.8034 1.9944
1692 0.15453 -0.4761
1693 2.3498 1.9904
1694 -0.5924 -1.244
1695 0.54818 -2.46
1696 0.64463 -2.3397
1697 0.020089 -1.55
1698 -0.9098 2.4034
1699 1.8795 0.13867
1700 1.3409 -1.7372
1701 -0.7102 0.33361
1702 -2.4796 -1.5143
1703 -0.22309 -1.8694
1704 -0.28481 -1.9987
1705 -1.1776 -0.91336
1706 -0.011112 1.9351
1707 -1.4802 0.88194
1708 1.4971 -2.4365
1709 -0.15447 -0.7959
1710 -2.2956 -1.4032
1711 -2.249 -2.4158
1712 1.3113 2.3163
1713 1.1969 1.4919
1714 -2.2579 -1.765
1715 0.19568 -2.3428
1716 -0.49238 -1.9023
1717 0.49185 1.0786
1718 -2.1317 2.3631
1719 1.3899 -0.86977
1720 -2.3984 0.169
1721 0.89299 -0.83371
1722 0.55575 1.5372
1723 2.0632 1.7505
1724 0.73019 -0.79979
1725 -1.9667 -0.014539
1726 -0.27641 0.073157
1727 2.1107 -0.95106
1728 -1.7651 -1.0316
1729 -1.445 1.3118
1730 -1.9037 -0.21082
1731 -2.3049 -0.38661
1732 -2.2457 0.81365
1733 0.98457 -2.2458
1734 2.1852 -0.78838
1735 2.0707 0.9603
1736 0.32505 -1.0742
1737 0.49282 -0.67141
1738 2.4912 2.4178
1739 -2.2291 -0.4389
1740 1.0179 -2.417
1741 -1.4756 -1.8118
1742 0.43396 2.0125
1743 -1.1168 0.14854
1744 -0.72039 0.73712
1745 -1.6959 -2.3547
1746 0.93816 -1.8063
1747 1.5299 2.4318
1748 1.4604 0.17399
1749 -1.3619 2.3906
1750 0.86826 -1.4843
1751 -2.4983 -1.1417
1752 0.098457 -0.39297
1753 -1.3349 1.5783
1754 -1.7013 1.2738
1755 -2.0553 -2.3318
1756 -0.97368 1.8542
1757 -1.1406 1.368
1758 1.0312 -1.6842
1759 1.846 -0.8466
1760 -0.80696 -1.2035
1761 1.8888 -1.0581
1762 -0.44307 2.2099
1763 0.94202 2.0176
1764 -0.46367 2.4923
1765 -1.0337 -1.4888
1766 0.86025 1.2461
1767 -0.28692 -1.5119
1768 0.3898 -1.1758
1769 -0.34785 0.16174
1770 -1.1099 1.8993
1771 0.7665 -0.95688
1772 1.7669 1.732
1773 -2.1216 -1.3386
1774 -0.7251 -2.4614
1775 0.67233 -1.2045
1776 2.4568 0.99858
1777 -0.33961 -1.9785
1778 -1.4123 -2.3304
1779 -1.5678 -2.0186
1780 -0.81845 1.5055
1781 -0.28979 -1.8026
1782 -1.7327 -1.3872
1783 -0.35061 -1.5158
1784 0.35767 1.2756
1785 0.92316 2.3339
1786 0.60742 -2.2913
1787 -2.4882 -2.4863
1788 2.4582 0.19814
1789 1.0924 1.2261
1790 -1.0317 2.3795
1791 1.1535 1.5442
1792 2.3034 -0.6993
1793 -0.83729 -0.75082
1794 0.73464 -1.8308
1795 -1.7729 -1.6172
1796 -2.4237 1.2209
1797 1.1596 1.0891
1798 2.0366 1.8144
1799 2.1952 2.4048
1800 1.2388 -1.9494
1801 -2.4888 1.5954
1802 -1.6252 1.224
1803 0.93132 2.1322
1804 -0.97083 1.6332
1805 1.2061 0.88494
1806 1.8064 2.0527
1807 0.74338 0.23934
1808 -1.1781 -0.051184
1809 -0.76213 1.4188
1810 -1.5964 0.25586
1811 1.9466 1.3804
1812 -0.93816 -0.45483
1813 0.062379 -0.4679
1814 0.012984 0.15791
1815 -1.111 0.83406
1816 -1.0285 -1.3752
1817 1.4119 -0.71083
1818 -2.0078 1.5905
1819 0.53885 0.89876
1820 -1.1985 1.3049
1821 -0.14877 0.11998
1822 -2.3128 1.0253
1823 0.023543 -0.28484
1824 1.1575 0.66026
1825 2.3495 1.6116
1826 2.2526 -1.3984
1827 2.458 -1.9871
1828 2.4668 0.15077
1829 -1.4267 -0.75529
1830 1.4067 -1.507
1831 0.31988 0.48648
1832 2.4784 2.3806
1833 0.05849 -1.5375
1834 0.784 -1.5157
1835 1.0652 2.0128
1836 0.1188 -1.3802
1837 2.389 2.2501
1838 -0.63696 0.76851
1839 0.70224 1.0778
1840 1.9437 -0.43178
1841 0.9066 -2.4968
1842 0.73328 -1.5681
1843 -2.4151 -2.1588
1844 1.3782 2.4473
1845 -1.1225 -0.92395
1846 1.0464 2.2641
1847 1.1685 1.6008
1848 1.1158 0.96528
1849 -0.32663 2.02
1850 0.97284 -1.5743
1851 1.9667 -2.1213
1852 0.13388 0.48543
1853 -2.0778 1.6785
1854 0.14456 -1.7804
1855 -1.895 2.2962
1856 -0.051471 -0.92577
1857 0.92613 -1.8197
1858 -0.67023 -1.1456
1859 0.75347 2.0046
1860 -0.90258 -2.2455
1861 -0.44977 -2.1076
1862 -0.23475 0.30111
1863 -0.047204 -0.49162
1864 -0.86066 1.0763
1865 -0.54202 -0.20085
1866 -1.8918 -1.0663
1867 2.3552 0.55211
1868 0.26783 -1.4128
1869 1.912 0.9675
1870 -0.45356 0.54144
1871 1.0266 -0.14991
1872 -1.701 0.51106
1873 -1.9483 -2.4735
1874 0.95558 1.5508
1875 0.40952 -1.12
1876 0.47346 -0.81369
1877 -0.35246 1.0754
1878 2.1982 2.3375
1879 0.94672 0.55306
1880 2.2466 -2.0448
1881 -0.99754 -0.010264
1882 0.0059615 1.8911
1883 -0.57371 2.0714
1884 -0.82016 0.80693
1885 -0.6053 1.7241
1886 0.58101 -0.13687
1887 -2.4677 -0.35986
1888 1.8076 1.5361
1889 1.9164 -2.003
1890 0.18709 0.69753
1891 -2.4322 1.3477
1892 -0.30344 0.79639
1893 -0.81563 0.10899
1894 0.11943 -2.4744
1895 0.56903 2.4542
1896 0.57413 -1.7419
1897 0.15524 -1.3014
1898 -0.8734 -0.89784
1899 1.2018 1.8772
1900 0.72453 -1.0586
1901 0.30723 -1.4551
1902 -1.5512 1.0827
1903 -2.2296 1.2291
1904 -2.3099 -1.441
1905 -1.9099 0.56904
1906 1.2041 1.5813
1907 0.69887 2.2562
1908 0.57236 -2.017
1909 -0.35901 -1.7711
1910 -2.4794 -1.6888
1911 -2.0431 1.365
1912 -0.94868 -0.70486
1913 -0.96497 -2.4216
1914 1.9794 2.2458
1915 0.98693 -1.3832
1916 -2.0725 -0.90666
1917 1.3405 2.0482
1918 -0.80201 -1.5547
1919 0.73053 -0.53318
1920 -0.47258 -0.97515
1921 1.198 -0.70774
1922 -2.4103 -1.5403
1923 2.2406 1.0591
1924 -1.7182 -0.67988
1925 2.2632 -0.99762
1926 -1.8659 0.45702
1927 0.85931 0.07731
1928 -1.6699 0.51703
1929 0.35446 -0.68747
1930 -2.2625 -0.98168
1931 1.3756 -1.6112
1932 -1.8909 1.8476
1933 -0.36585 -2.3188
1934 -0.96508 -1.1166
1935 -1.23 -1.2108
1936 -0.34718 -2.1639
1937 0.32354 -1.2624
1938 -1.7513 -1.4663
1939 1.846 -1.2522
1940 -0.38448 -0.4208
1941 -1.9483 -0.8695
1942 1.5516 1.8363
1943 1.0451 0.16932
1944 1.603 -0.55932
1945 1.5428 -0.59532
1946 1.7516 1.0589
1947 1.0599 1.6434
1948 0.043502 2.3993
1949 2.2656 -0.56461
1950 -2.065 -0.73759
1951 1.1085 2.3999
1952 -0.58796 0.13641
1953 1.389 1.0333
1954 0.16104 -1.5679
1955 -1.3241 0.20711
1956 -1.7409 1.0733
1957 2.1227 -0.48758
1958 -1.5126 -0.62661
1959 0.85358 -1.1766
1960 1.6444 -0.46051
1961 2.0532 0.49973
1962 0.91262 -0.29922
1963 2.1959 -2.124
1964 0.33971 -1.6761
1965 -1.2807 1.7627
1966 0.35049 1.3959
1967 -0.70932 0.488
1968 1.4325 -1.4816
1969 0.76499 -1.5215
1970 -1.991 0.10877
1971 -1.2323 1.4218
1972 2.3678 -2.1665
1973 0.4426 -1.3655
1974 2.132 -0.36813
1975 1.6422 -2.425
1976 -1.1145 2.1618
1977 -0.18465 -0.037472
1978 1.6523 -0.26717
1979 -1.2874 1.0725
1980 1.0031 1.8248
1981 -0.62494 1.4485
1982 -1.3861 -0.35392
1983 -0.74227 -0.11417
1984 -0.4208 -2.2714
1985 -2.194 -1.9535
1986 -0.54225 -1.0221
1987 -1.0093 0.68628
1988 1.7145 -0.31563
1989 -0.080229 0.16634
1990 0.52222 1.2776
1991 0.83393 -0.16788
1992 -2.265 -1.8871
1993 1.547 2.1665
1994 2.1957 0.55271
1995 2.1839 1.8509
1996 -0.99706 0.12448
1997 -2.3248 -0.66547
1998 -2.0179 0.33313
1999 1.1938 0.31069
2000 0.34089 -1.1856
2001 -1.9421 2.389
2002 1.6986 2.4836
2003 1.6903 -1.7273
2004 -1.8257 -0.94542
2005 -0.27484 0.57941
2006 0.045011 -2.3919
2007 -1.0886 -0.58816
2008 1.8252 0.6616
2009 1.6829 2.4756
2010 1.6199 -0.34173
2011 -2.1093 -2.2086
2012 -0.95487 -0.95777
2013 0.10737 1.3659
2014 0.70354 0.90181
2015 -0.6842 1.4787
2016 0.60794 2.3375
2017 0.85663 0.71157
2018 -1.7694 0.67728
2019 -1.0435 1.9451
2020 -2.2654 1.6481
2021 -0.36014 2.245
2022 1.3795 2.157
2023 -2.2976 1.6374
2024 -2.3591 -0.49441
2025 1.7325 1.0927
2026 2.1695 -1.4772
2027 -0.18317 1.844
2028 0.9982 -0.96819
2029 -1.0105 1.6144
2030 0.64264 0.91368
2031 -1.2637 -1.3216
2032 0.50955 0.49268
2033 0.46085 -0.089052
2034 0.85972 2.3077
2035 1.7972 1.7384
2036 -0.98787 0.58298
2037 -0.10455 1.5641
2038 -0.88787 1.3486
2039 1.229 -0.82801
2040 0.74454 0.086108
2041 -0.40503 -0.82362
2042 -0.80277 -2.0941
2043 -1.1543 -1.1459
2044 -0.086883 1.0733
2045 1.8488 1.3756
2046 1.1664 -2.1376
2047 0.25775 0.68455
2048 2.3911 0.72389
2049 -0.42037 0.68984
2050 -1.5094 0.85382
2051 -1.0582 2.355
2052 2.2468 -0.30989
2053 1.0582 -2.4899
2054 1.9049 1.2586
2055 -1.7405 0.59355
2056 -1.9161 0.47947
2057 0.85664 -2.4364
2058 2.4188 1.1355
2059 -2.2947 2.0189
2060 -0.33042 -0.68667
2061 2.4415 2.0141
2062 -1.174 -0.58489
2063 0.24006 -2.0074
2064 -2.3653 -1.8757
2065 -0.43119 -0.1153
2066 1.68 -1.513
2067 0.28135 1.8599
2068 0.69525 2.1637
2069 1.8776 -1.7972
2070 -1.0961 -0.45355
2071 1.7343 -1.5455
2072 -0.58098 -1.979
2073 -0.74527 1.4688
2074 1.9961 -1.259
2075 2.2694 0.33843
2076 -2.094 -0.99884
2077 -2.2734 -0.61545
2078 0.28187 -0.67656
2079 -2.1166 0.85858
2080 -1.1384 -0.42955
2081 0.47821 -0.5951
2082 -1.5728 0.30703
2083 0.14969 -1.8867
2084 -0.23602 -1.9264
2085 1.91 1.2799
2086 -0.95977 -1.2174
2087 -1.7796 -0.067248
2088 1.9832 -2.1185
2089 -0.25978 2.2117
2090 -0.74079 1.6029
2091 -2.3366 -1.4006
2092 -1.3797 -0.37219
2093 0.96508 -1.9986
2094 -0.6564 0.71552
2095 2.0504 -0.64531
2096 0.03084 1.4678
2097 1.394 0.044019
2098 1.1943 -0.98195
2099 0.91756 1.6711
2100 0.13815 -1.0637
2101 1.5164 0.13767
2102 -2.4932 -2.0391
2103 1.6389 -1.8174
2104 -2.307 2.3042
2105 -0.72264 0.80175
2106 -1.4245 0.039469
2107 1.4185 1.4363
2108 1.0187 -1.0443
2109 -2.1824 -1.7782
2110 1.5072 -2.0917
2111 -0.27093 0.64381
2112 -0.5489 1.1508
2113 -0.40468 0.84222
2114 0.73249 0.92278
2115 0.00093138 -0.88751
2116 0.03602 -0.71038
2117 -1.6756 1.2767
2118 -2.3245 -2.4508
2119 1.3202 0.81199
2120 0.53918 2.2813
2121 0.95598 1.9908
2122 2.0454 -2.0638
2123 -0.94868 0.11817
2124 -1.2332 -2.4343
2125 1.0278 -0.78722
2126 0.5457 -1.1169
2127 -1.9515 0.63006
2128 -0.03065 -0.50258
2129 -1.4187 -1.6588
2130 1.6427 -0.27962
2131 0.24684 0.93779
2132 1.1397 -1.3048
2133 -0.80679 -0.74025
2134 -0.056397 0.56735
2135 2.1341 1.5825
2136 1.3447 -0.83242
2137 0.1731 2.3227
2138 1.2639 -0.37537
2139 -1.6991 1.7413
2140 2.0915 2.1072
2141 1.74 -2.357
2142 -2.3821 -2.1298
2143 2.3628 -0.15363
2144 -1.7085 1.2997
2145 1.5975 0.62254
2146 -0.90889 -2.3701
2147 1.0079 -2.3655
2148 0.09476 1.8052
2149 0.10322 0.85814
2150 1.9522 0.76792
2151 1.4966 -0.3598
2152 -1.714 1.6472
2153 -1.5624 1.9771
2154 1.9573 -1.276
2155 0.26466 -2.2849
2156 1.7446 -1.4422
2157 -0.93924 -0.77656
2158 -0.62151 0.88104
2159 -0.53435 2.48
2160 0.76737 1.0322
2161 -0.35444 -1.3816
2162 -0.52166 -0.67885
2163 0.7992 0.73741
2164 2.3332 0.13999
2165 -1.1977 -0.076226
2166 1.5826 -0.84954
2167 1.4824 -1.0645
2168 -1.5587 1.6322
2169 1.8837 1.1212
2170 -1.1636 -1.9909
2171 -0.66736 2.2443
2172 1.2656 0.17401
2173 -1.9598 2.4623
2174 -1.9685 -1.4282
2175 1.9341 -2.0188
2176 0.29491 1.5719
2177 0.39043 -1.0339
2178 -2.423 1.9488
2179 -1.478 -0.64031
2180 1.6228 1.7787
2181 1.2244 -0.51859
2182 -0.59482 -0.4164
2183 1.4116 1.2199
2184 -1.3557 0.3467
2185 -0.99143 1.0158
2186 -1.772 1.5681
2187 1.2039 0.96798
2188 2.3028 1.2013
2189 1.7356 -2.341
2190 -0.5861 1.8652
2191 -0.46952 -1.9691
2192 -1.6547 1.7735
2193 -1.3271 -0.0010562
2194 1.5701 0.76887
2195 -2.2295 0.7599
2196 1.9039 2.3081
2197 2.4733 0.57859
2198 -1.4444 -0.069657
2199 -0.37946 0.026069
2200 0.80411 -1.2043
2201 -0.61931 -2.4509
2202 1.3686 -1.7707
2203 -0.41724 2.1708
2204 -2.0014 2.3386
2205 1.9756 0.49799
2206 0.82383 1.3323
2207 -2.2912 -1.6203
2208 -1.654 0.20025
2209 2.2806 -1.2675
2210 1.177 0.75103
2211 -1.1083 -1.3243
2212 -0.232 -0.1523
2213 0.0054581 0.35807
2214 0.59162 -2.0172
2215 -1.0841 -0.35635
2216 2.3895 -2.0873
2217 1.4777 1.1656
2218 1.5859 -0.55756
2219 -1.6833 -2.2435
2220 -1.982 2.2905
2221 -1.2669 1.8797
2222 -2.3967 0.57843
2223 2.1614 -0.34219
2224 1.9183 -1.579
2225 1.4828 0.90411
2226 -1.2377 -0.63409
2227 -1.2865 -1.3121
2228 -0.70357 -1.4423
2229 -1.1559 -2.4928
2230 1.2497 -0.25269
2231 -1.5701 -0.88302
2232 1.0677 -2.3602
2233 0.84413 -0.016788
2234 -0.4451 0.20833
2235 2.285 1.0458
2236 1.8209 1.7594
2237 1.6023 1.1783
2238 -0.63765 -0.72513
2239 2.2335 -0.25164
2240 1.1766 1.2753
2241 -1.687 2.2068
2242 1.723 0.36047
2243 1.2378 -1.7548
2244 -1.9811 -2.2221
2245 1.8226 -1.8255
2246 1.9129 0.92805
2247 0.35514 -0.9977
2248 1.4157 -1.5767
2249 -1.605 0.87842
2250 2.3723 0.20264
2251 -2.0903 -2.1503
2252 -0.35538 -0.47909
2253 0.037539 -1.5806
2254 1.3459 -0.64514
2255 1.9456 -1.6779
2256 0.084562 0.062622
2257 -1.1612 1.255
2258 -0.16289 0.49861
2259 0.46881 1.0761
2260 -2.4952 -0.84223
2261 -2.284 -0.6283
2262 -1.6164 -2.4277
2263 0.31049 -1.3563
2264 -0.72019 2.3611
2265 -2.0321 0.034445
2266 0.79762 -0.5838
2267 1.3484 2.0626
2268 0.35164 -0.42705
2269 -0.87899 0.039759
2270 -2.2614 -0.95996
2271 -0.71137 -0.97775
2272 1.5163 -0.4608
2273 1.2774 0.28185
2274 0.73467 -0.18878
2275 0.63325 -1.5564
2276 2.0204 -1.2837
2277 -1.0929 0.46815
2278 -0.56248 0.7284
2279 0.4571 1.1128
2280 -1.0194 0.086705
2281 0.64279 1.7019
2282 0.2217 -1.1345
2283 0.39557 -0.013451
2284 2.2464 -1.8905
2285 -2.3017 -0.40778
2286 -2.1373 1.0426
2287 -0.47922 -1.1607
2288 -0.6889 0.48431
2289 1.0612 -1.0177
2290 -0.99486 -1.1762
2291 1.0425 0.62967
2292 2.0953 0.8925
2293 2.237 -2.189
2294 2.1467 0.50603
2295 1.3568 1.9493
2296 -0.51704 1.9039
2297 -0.088219 -1.1252
2298 -0.56441 1.9576
2299 -0.16245 -1.0764
2300 -2.2516 1.0761
2301 -0.032795 -1.7711
2302 -0.26126 -0.87391
2303 -2.0084 -0.30606
2304 -1.8904 2.4154
2305 -1.7617 2.0846
2306 2.202 1.8877
2307 1.0116 0.4383
2308 0.093364 1.2972
2309 -0.55547 -0.92897
2310 0.35202 -2.4329
2311 -2.049 -0.53572
2312 0.054866 -0.19556
2313 1.216 -1.4281
2314 -0.79326 -2.2787
2315 -1.4667 1.824
2316 -2.2218 -1.907
2317 0.8842 -0.43579
2318 -0.10018 -1.0861
2319 -0.50267 -0.016314
2320 -0.21454 2.1548
2321 2.3779 1.9769
2322 1.6989 0.60266
2323 -1.8933 2.4778
2324 -1.5181 -1.556
2325 2.2165 1.5816
2326 -1.4914 -0.0057916
2327 0.99667 0.75174
2328 0.92656 0.87385
2329 0.53351 0.081938
2330 -0.83675 -0.13903
2331 -0.11337 -0.022542
2332 -1.4456 2.3303
2333 -2.3552 1.764
2334 -1.0642 -2.3768
2335 1.1691 -0.77184
2336 1.6367 0.010665
2337 2.3854 -0.47034
2338 0.2999 -0.79738
2339 1.9419 1.2864
2340 0.5546 0.094393
2341 0.43557 2.1323
2342 -2.4152 2.4127
2343 -1.4861 0.29415
2344 -0.53618 0.52032
2345 1.1802 2.1696
2346 -1.2257 -1.9032
2347 -0.75801 1.2157
2348 1.918 -2.4062
2349 -1.5194 -2.2893
2350 1.437 -1.9307
2351 -2.3361 -1.5619
2352 2.2073 -0.1901
2353 -0.92209 0.70049
2354 1.6806 0.81712
2355 1.908 -1.6529
2356 2.3184 -1.8779
2357 -1.0267 1.975
2358 -0.44061 0.047216
2359 1.0846 1.8183
2360 0.84568 2.2438
2361 -1.6234 -0.9278
2362 -1.3663 0.65924
2363 0.094936 -0.76421
2364 -1.3892 2.3586
2365 -1.3899 -1.05
2366 -0.30315 -0.52748
2367 -2.4347 -1.4479
2368 -1.4309 1.0887
2369 1.4034 -1.9062
2370 0.60848 -1.5749
2371 -0.37943 0.92041
2372 0.80208 -0.53452
2373 0.31663 1.6027
2374 -0.85181 0.39948
2375 0.74361 -0.46839
2376 -0.80915 -0.88652
2377 -1.6352 1.3657
2378 -2.2882 1.5058
2379 0.07761 -1.9327
2380 -1.3646 -1.8387
2381 0.95906 -1.4158
2382 0.52429 1.7296
2383 0.14051 1.4892
2384 1.6711 -2.0542
2385 -1.8775 -0.033693
2386 -0.20357 -0.5706
2387 1.8586 -1.5433
2388 -1.0376 -0.84193
2389 1.6438 -0.94591
2390 -0.26048 -1.942
2391 0.88513 2.2719
2392 0.84769 1.4653
2393 0.72759 0.57677
2394 -1.4651 -0.10853
2395 -2.4648 -1.8241
2396 0.91435 1.5537
2397 -0.6336 1.5359
2398 1.1525 2.2143
2399 -0.41195 0.9451
2400 -1.5409 0.35992
2401 -0.21951 -1.2147
2402 -1.5213 2.1681
2403 -0.97765 2.1005
2404 -1.232 -1.0853
2405 -0.59666 -1.6223
2406 -1.5647 -2.4008
2407 -1.529 -1.0367
2408 -0.41384 -0.54944
2409 -1.8533 -1.3666
2410 1.4636 -2.3611
2411 -1.667 -2.239
2412 -2.2211 -2.0175
2413 -0.91587 1.5272
2414 1.97 1.4978
2415 0.42405 2.3897
2416 0.20539 0.91058
2417 -2.1066 -0.26504
2418 -0.81845 -0.26064
2419 -0.08149 -1.5614
2420 2.0064 1.681
2421 -0.4564 1.2959
2422 -0.48863 1.7269
2423 1.7286 -2.3679
2424 -1.7595 -0.26821
2425 -1.3584 -1.2776
2426 1.1997 -1.5048
2427 0.53183 0.713
2428 1.6926 -0.20799
2429 -1.1567 0.88008
2430 0.98725 -1.3327
2431 -0.12515 -1.45
2432 0.46618 -2.4337
2433 2.0439 1.7582
2434 0.11926 -0.082979
2435 1.9706 2.3353
2436 -1.784 -1.0375
2437 -0.60995 1.1675
2438 -1.355 0.87471
2439 -1.0606 -0.1173
2440 -1.0716 1.8301
2441 0.32143 -2.2848
2442 2.2517 -0.29158
2443 -1.3422 -2.1105
2444 -1.5809 2.2401
2445 -1.5316 1.6809
2446 1.1819 1.7073
2447 -1.423 1.459
2448 -2.3032 -2.4041
2449 -2.1823 1.3583
2450 0.090012 -1.4525
2451 -1.5254 1.3794
2452 -1.7073 0.69754
2453 -1.7673 -1.3166
2454 1.0421 -1.2258
2455 1.7775 1.0581
2456 -0.053965 0.70341
2457 -0.78854 -2.3098
2458 1.3127 0.049412
2459 2.0651 -2.0226
2460 -2.2245 -1.3017
2461 -2.3551 1.9766
2462 -1.7182 2.3775
2463 -2.1579 0.29526
2464 -2.1058 -2.1449
2465 -0.92703 2.205
2466 1.9395 -1.8866
2467 0.30291 1.3191
2468 0.37355 0.91058
2469 0.94154 0.41046
2470 0.52186 -2.2813
2471 -2.2377 0.039828
2472 -0.97259 -0.44215
2473 -2.4284 -2.238
2474 -1.1 -2.1731
2475 1.5334 0.94138
2476 -2.0922 2.0372
2477 0.52721 -1.3576
2478 -1.6176 2.3267
2479 -2.4598 -0.15388
2480 1.0477 0.076399
2481 0.70396 -0.17357
2482 0.1779 -0.80323
2483 -0.58131 1.7384
2484 1.5759 -0.45841
2485 -0.14232 -0.54881
2486 1.3923 -2.1352
2487 0.82163 1.2974
2488 1.2654 2.1505
2489 0.32333 -2.4072
2490 1.0267 2.4622
2491 1.4193 -0.89576
2492 1.8992 -1.4345
2493 -2.3366 0.28753
2494 -0.56166 0.080785
2495 1.1141 -1.3166
2496 -1.427 -1.547
2497 -1.6345 1.6111
2498 -0.44881 -1.7072
2499 0.66795 2.1771
